35.659569 139.723370
35.659546 139.723194
35.659527 139.723051
35.659523 139.722909
35.659383 139.722946
35.659279 139.722986
35.659167 139.723034
35.659031 139.723052
35.658915 139.723063
35.658803 139.723063
35.658691 139.723063
35.658580 139.723068
35.658459 139.723079
35.658321 139.723101
35.658174 139.723101
35.658026 139.723123
35.658040 139.722947
35.658058 139.722758
35.658062 139.722621
35.658080 139.722510
35.658085 139.722367
35.658102 139.722219
35.658116 139.722081
35.658125 139.721949
35.659129 139.721829
35.658134 139.721691
35.658147 139.721570
35.658156 139.721444
35.658174 139.721274
35.658277 139.721274
35.658374 139.721291
35.658484 139.721313
35.658613 139.721324
35.658736 139.721346
35.658847 139.721362
35.658957 139.721373
35.659050 139.721389
35.659160 139.721400
35.659319 139.721416
35.659306 139.721286
35.659302 139.721155
35.659284 139.721036
35.659280 139.720900
35.659266 139.720796
35.659236 139.720715
35.659219 139.720718
35.659167 139.720715
35.659104 139.720707
35.659043 139.720699
35.658988 139.720694
35.658943 139.720688
35.658892 139.720680
35.658834 139.720672
35.658788 139.720667
35.658729 139.720656
35.658672 139.720648
35.658611 139.720640
35.658557 139.720629
35.658474 139.720621
35.658492 139.720562
35.658500 139.720495
35.658511 139.720426
35.658522 139.720348
35.658539 139.720270
35.658546 139.720195
35.658557 139.720128
35.658611 139.720133
35.658672 139.720139
35.658720 139.720147
35.658777 139.720157
35.658836 139.720165
35.658886 139.720173
35.658943 139.720179
35.659004 139.720190
35.659060 139.720198
35.659119 139.720211
35.659176 139.720216
35.659248 139.720222
35.659254 139.720139
35.659256 139.720047
35.659261 139.719975
35.659256 139.719897
35.659256 139.719819
35.659256 139.719736
35.659254 139.719642
35.659254 139.719557
35.659254 139.719476
35.659254 139.719404
35.659254 139.719323
35.659256 139.719248
35.659250 139.719168
35.659239 139.719095
35.659180 139.718999
35.659128 139.718985
35.659080 139.718969
35.659023 139.718950
35.658967 139.718934
35.658910 139.718915
35.658851 139.718894
35.658792 139.718873
35.658731 139.718854
35.658668 139.718832
35.658630 139.718820
35.658585 139.718805
35.658529 139.718781
35.658475 139.718760
35.658432 139.718752
35.658416 139.718886
35.658391 139.719071
35.658365 139.719282
35.658352 139.719456
35.658326 139.719682
35.658292 139.719962
35.658271 139.720199
35.658236 139.720421
35.658232 139.720605