35.659323 139.721418
35.659323 139.721327
35.659323 139.721421
35.659318 139.721160
35.659314 139.721080
35.659310 139.721000
35.659301 139.720908
35.659292 139.720828
35.659283 139.720747
35.659279 139.720710
35.659227 139.720710
35.659183 139.720710
35.659131 139.720704
35.659070 139.720699
35.659018 139.720699
35.659006 139.720696
35.658949 139.720685
35.658888 139.720674
35.658836 139.720664
35.658783 139.720658
35.658727 139.720647
35.658674 139.720642
35.658618 139.720631
35.658561 139.720621
35.658517 139.720610
35.658483 139.720615
35.658496 139.720481
35.658513 139.720411
35.658526 139.720342
35.658535 139.720267
35.658544 139.720202
35.658557 139.720149
35.658561 139.720122
35.658600 139.720127
35.658631 139.720138
35.658687 139.720138
35.658748 139.720149
35.658809 139.720159
35.658879 139.720170
35.658910 139.720170
35.659036 139.720192
35.659106 139.720202
35.659128 139.720213
35.659165 139.720216
35.659208 139.720218
35.659245 139.720218
35.659250 139.720170
35.659252 139.720132
35.659254 139.720090
35.659254 139.720047
35.659258 139.720001
35.659245 139.719974
35.659243 139.719934
35.659247 139.719891
35.659250 139.719913
35.659250 139.719867
35.659258 139.719786
35.659258 139.719701
35.659267 139.719615
35.659271 139.719529
35.659280 139.719443
35.659280 139.719357
35.659276 139.719272
35.659271 139.719186
35.659258 139.719100
35.659254 139.719025
35.659237 139.718987
35.659193 139.718982
35.659136 139.718971
35.659088 139.718955
35.659032 139.718944
35.658984 139.718923
35.658927 139.718907
35.658866 139.718885
35.658796 139.718885
35.658759 139.718848
35.658727 139.718837
35.658668 139.718821
35.658620 139.718805
35.658598 139.718789
35.658572 139.718778
35.658546 139.718767
35.658478 139.718757
35.658430 139.718730
35.658430 139.718799
35.658417 139.718872
35.658406 139.718942
35.658406 139.719017
35.658398 139.719081
35.658398 139.719140
35.658384 139.719199
35.658376 139.719269
35.658367 139.719328
35.658358 139.719368
35.658354 139.719438
35.658345 139.719502
35.658332 139.719572
35.658323 139.719636
35.658319 139.719695
35.658323 139.719760
35.658315 139.719829
35.658302 139.719910
35.658289 139.719985
35.658280 139.720055
35.658280 139.720119
35.658271 139.720183
35.658258 139.720253
35.658249 139.720318
35.658241 139.720382
35.658236 139.720457
35.658232 139.720532
35.658228 139.720597
35.658232 139.720618
35.658223 139.720688
35.658214 139.720747
35.658210 139.720816
35.658201 139.720892
35.658201 139.720967
35.658201 139.721042
35.658197 139.721111
35.658188 139.721187
35.658184 139.721240
35.658184 139.721278
35.658172 139.721321
35.658163 139.721380
35.658163 139.721450
35.658155 139.721520
35.658155 139.721584
35.658150 139.721643
35.658137 139.721692
35.658128 139.721815
35.658137 139.721879
35.658128 139.721938
35.658124 139.721997
35.658111 139.722062
35.658111 139.722099
35.658163 139.722099
35.658216 139.722110
35.658272 139.722115
35.658342 139.722131
35.658407 139.722137
35.658468 139.722142
35.658525 139.722158
35.658590 139.722164
35.658647 139.722169
35.658712 139.722174
35.658747 139.722185
35.658821 139.722196
35.658887 139.722201
35.658943 139.722207
35.659000 139.722212
35.659026 139.722217
35.659098 139.722225
35.659159 139.722236
35.659216 139.722236
35.659290 139.722247
35.659342 139.722263
35.659399 139.722257
35.659438 139.722252
35.659429 139.722188
35.659425 139.722123
35.659421 139.722054
35.659399 139.721989
35.659390 139.721925
35.659382 139.721855
35.659377 139.721796
35.659377 139.721732
35.659368 139.721662
35.659351 139.721598
35.659360 139.721657
35.659351 139.721592
35.659342 139.721528
35.659334 139.721458
35.659323 139.721418