35.659319 139.721417
35.659324 139.721326
35.659325 139.721419
35.659321 139.721166
35.659316 139.721084
35.659311 139.721010
35.659303 139.720899
35.659300 139.720827
35.659285 139.720746
35.659281 139.720711
35.659233 139.720709
35.659182 139.720705
35.659136 139.720711
35.659080 139.720707
35.659022 139.720698
35.659011 139.720697
35.658953 139.720683
35.658891 139.720678
35.658835 139.720666
35.658786 139.720662
35.658731 139.720641
35.658673 139.720638
35.658623 139.720633
35.658562 139.720617
35.658514 139.720603
35.658487 139.720614
35.658492 139.720476
35.658518 139.720409
35.658532 139.720349
35.658530 139.720271
35.658541 139.720196
35.658555 139.720142
35.658564 139.720123
35.658601 139.720130
35.658627 139.720141
35.658686 139.720141
35.658743 139.720154
35.658801 139.720162
35.658888 139.720173
35.658911 139.720165
35.659041 139.720197
35.659111 139.720208
35.659132 139.720215
35.659159 139.720219
35.659202 139.720211
35.659241 139.720219
35.659241 139.720178
35.659248 139.720133
35.659259 139.720087
35.659258 139.720049
35.659255 139.719999
35.659244 139.719976
35.659249 139.719928
35.659243 139.719900
35.659252 139.719912
35.659248 139.719870
35.659261 139.719789
35.659267 139.719711
35.659269 139.719613
35.659274 139.719531
35.659285 139.719446
35.659281 139.719360
35.659272 139.719275
35.659276 139.719184
35.659261 139.719102
35.659253 139.719027
35.659239 139.718990
35.659191 139.718985
35.659139 139.718977
35.659091 139.718958
35.659036 139.718942
35.658989 139.718921
35.658929 139.718911
35.658861 139.718888
35.658794 139.718890
35.658756 139.718844
35.658723 139.718833
35.658663 139.718818
35.658618 139.718806
35.658592 139.718793
35.658565 139.718774
35.658541 139.718762
35.658472 139.718754
35.658426 139.718727
35.658438 139.718804
35.658419 139.718868
35.658411 139.718946
35.658407 139.719022
35.658400 139.719085
35.658400 139.719142
35.658382 139.719193
35.658377 139.719272
35.658369 139.719322
35.658361 139.719362
35.658349 139.719433
35.658348 139.719501
35.658333 139.719575
35.658319 139.719641
35.658322 139.719691
35.658324 139.719766
35.658317 139.719823
35.658309 139.719911
35.658289 139.719985
35.658281 139.720052
35.658276 139.720123
35.658275 139.720188
35.658253 139.720259
35.658250 139.720322
35.658245 139.720378
35.658231 139.720453
35.658228 139.720536
35.658224 139.720601
35.658229 139.720621
35.658219 139.720689
35.658211 139.720743
35.658216 139.720822
35.658196 139.720893
35.658200 139.720969
35.658212 139.721048
35.658196 139.721106
35.658185 139.721189
35.658186 139.721242
35.658181 139.721274
35.658175 139.721318
35.658159 139.721375
35.658168 139.721453
35.658150 139.721521
35.658158 139.721580
35.658151 139.721641
35.658139 139.721690
35.658131 139.721812
35.658134 139.721877
35.658125 139.721943
35.658126 139.722000
35.658103 139.722066
35.658110 139.722092
35.658166 139.722092
35.658213 139.722100
35.658275 139.722112
35.658348 139.722127
35.658411 139.722141
35.658472 139.722145
35.658519 139.722152
35.658592 139.722161
35.658643 139.722172
35.658711 139.722170
35.658743 139.722182
35.658825 139.722201
35.658892 139.722198
35.658938 139.722201
35.659007 139.722215
35.659019 139.722219
35.659100 139.722222
35.659155 139.722233
35.659224 139.722230
35.659293 139.722255
35.659344 139.722269
35.659401 139.722252
35.659432 139.722259
35.659433 139.722192
35.659427 139.722128
35.659419 139.722059
35.659402 139.721999
35.659385 139.721921
35.659383 139.721859
35.659371 139.721793
35.659383 139.721738
35.659377 139.721663
35.659358 139.721600
35.659365 139.721652
35.659356 139.721594
35.659348 139.721522
35.659333 139.721455
35.659321 139.721424